[header]
width=20
height=10
tilewidth=32
tileheight=32
orientation=orthogonal

[tilesets]
tileset=platformertiles.png,32,32,0,0
tileset=../Assets/players.png,32,32,0,0

[layer]
type=Tile Layer 1
data=
11,0,0,0,0,0,0,0,0,0,0,0,0,0,0,0,0,0,0,9,
11,0,0,4,0,0,0,0,0,0,0,0,0,0,0,0,0,0,0,9,
11,0,0,0,0,0,0,0,0,0,0,0,0,0,0,0,0,0,0,9,
11,0,0,0,0,0,0,0,0,0,0,0,0,0,0,0,0,0,0,9,
11,0,0,0,0,0,0,0,0,0,0,0,0,0,0,0,0,0,0,9,
11,0,0,0,0,0,0,0,0,0,0,0,0,0,0,0,0,0,0,9,
11,0,0,0,0,0,0,0,0,0,0,0,0,0,0,0,0,0,0,9,
11,0,0,0,0,0,22,22,0,0,0,0,0,0,0,0,22,0,0,9,
6,2,2,2,2,2,2,2,2,2,2,2,2,2,2,2,2,2,2,8,
10,10,10,10,10,10,10,10,10,10,10,10,10,10,10,10,10,10,10,10

