[header]
width=20
height=10
tilewidth=32
tileheight=32
orientation=orthogonal

[tilesets]
tileset=platformertiles.png,32,32,0,0
tileset=../Assets/players.png,32,32,0,0
tileset=../Assets/players.png,32,32,0,0

[layer]
type=Tile Layer 1
data=
10,11,15,16,14,4,16,1,2,2,2,2,2,2,2,2,2,8,10,10,
10,6,2,2,2,2,2,8,10,10,10,10,10,10,10,10,10,10,10,10,
18,18,18,18,18,18,18,18,18,18,18,18,18,18,18,18,18,18,18,18,
5,20,20,20,20,20,20,20,20,20,20,20,20,20,20,20,20,20,20,5,
13,20,20,20,20,20,20,20,20,20,20,20,20,20,20,20,20,20,20,13,
13,20,20,20,20,20,20,20,20,20,20,20,20,20,20,20,20,20,20,13,
13,20,20,20,20,20,20,20,20,20,20,20,20,20,20,20,20,20,20,13,
13,20,20,20,20,20,20,20,20,20,20,20,20,20,20,20,20,20,20,13,
13,20,20,20,20,20,20,20,20,20,20,20,20,20,20,20,20,20,20,13,
7,2,2,2,2,2,2,2,2,2,2,2,2,2,2,2,2,2,2,7

